{"metadata":{"kernelspec":{"language":"python","display_name":"Python 3","name":"python3"},"language_info":{"name":"python","version":"3.12.12","mimetype":"text/x-python","codemirror_mode":{"name":"ipython","version":3},"pygments_lexer":"ipython3","nbconvert_exporter":"python","file_extension":".py"},"kaggle":{"accelerator":"none","dataSources":[{"sourceType":"datasetVersion","sourceId":14835354,"datasetId":9488049,"databundleVersionId":15693671}],"dockerImageVersionId":31259,"isInternetEnabled":true,"language":"python","sourceType":"notebook","isGpuEnabled":false}},"nbformat_minor":4,"nbformat":4,"cells":[{"cell_type":"markdown","source":"# SOLAR POWER PLANT PROJECT\nIn this project, we aim to predict the DC capacity (dc_capacity_kW) of solar power plants using machine learning models. The dataset contains multiple features related to plant location, system details, and operational parameters.","metadata":{}},{"cell_type":"markdown","source":"Initial Model (Lower Accuracy Version)","metadata":{}},{"cell_type":"code","source":"#Data Loading\nimport pandas as pd\nimport numpy as np\ndf = pd.read_csv(\"/kaggle/input/datasets/ajithps7/solardataset/Solar_Power_plant_Dataset.csv\")\n\nprint(\"Shape:\", df.shape)\ndf.head()\n","metadata":{"_uuid":"8f2839f25d086af736a60e9eeb907d3b93b6e0e5","_cell_guid":"b1076dfc-b9ad-4769-8c92-a6c4dae69d19","trusted":true},"outputs":[],"execution_count":null},{"cell_type":"markdown","source":"Data Cleaning","metadata":{}},{"cell_type":"markdown","source":"Removed junk columns (Unnamed: 26–30)\n\nFilled missing numeric values using mean\n\nFilled categorical values using mode\n\nRemoved duplicates","metadata":{}},{"cell_type":"code","source":"junk_cols = ['Unnamed: 26','Unnamed: 27','Unnamed: 28',\n             'Unnamed: 29','Unnamed: 30']\n\ndf.drop(junk_cols, axis=1, inplace=True, errors='ignore')\n\n","metadata":{"trusted":true},"outputs":[],"execution_count":null},{"cell_type":"code","source":"df.info()\ndf.describe()","metadata":{"trusted":true},"outputs":[],"execution_count":null},{"cell_type":"code","source":"df.isnull().sum()\n","metadata":{"trusted":true},"outputs":[],"execution_count":null},{"cell_type":"code","source":"df.fillna(df.mean(numeric_only=True), inplace=True)\n","metadata":{"trusted":true},"outputs":[],"execution_count":null},{"cell_type":"code","source":"for col in df.select_dtypes(include='object').columns:\n    df[col].fillna(df[col].mode()[0], inplace=True)\n","metadata":{"trusted":true},"outputs":[],"execution_count":null},{"cell_type":"code","source":"df = df.drop_duplicates()\ndf.isnull().sum()","metadata":{"trusted":true},"outputs":[],"execution_count":null},{"cell_type":"markdown","source":"Visualization\n\n--Histogram for DC capacity\n\n--Scatter plot (Latitude vs Capacity)\n\n--Correlation heatmap\n\n--Boxplot for tracking system","metadata":{}},{"cell_type":"code","source":"import matplotlib.pyplot as plt\nimport seaborn as sns\n\nplt.figure(figsize=(6,4))\nsns.histplot(df['dc_capacity_kW'], bins=40, kde=True)\nplt.title(\"DC Capacity Distribution\")\nplt.show()","metadata":{"trusted":true},"outputs":[],"execution_count":null},{"cell_type":"code","source":"plt.figure(figsize=(6,4))\nsns.scatterplot(x=\"latitude\", y=\"dc_capacity_kW\", data=df)\nplt.title(\"Latitude vs Capacity\")\nplt.show()","metadata":{"trusted":true},"outputs":[],"execution_count":null},{"cell_type":"code","source":"plt.figure(figsize=(14,10))\nsns.heatmap(df.corr(numeric_only=True), cmap=\"coolwarm\")\nplt.title(\"Correlation Matrix\")\nplt.show()\n","metadata":{"trusted":true},"outputs":[],"execution_count":null},{"cell_type":"code","source":"sns.boxplot(x=\"tracking\", y=\"dc_capacity_kW\", data=df)\nplt.title(\"Tracking System Impact\")\nplt.show()\n","metadata":{"trusted":true},"outputs":[],"execution_count":null},{"cell_type":"code","source":"x = df.drop(\"dc_capacity_kW\", axis=1)\ny = df[\"dc_capacity_kW\"]\n","metadata":{"trusted":true},"outputs":[],"execution_count":null},{"cell_type":"markdown","source":"Feature Encoding ","metadata":{}},{"cell_type":"code","source":"from sklearn.preprocessing import LabelEncoder\n\nle = LabelEncoder()\n\nfor col in x.select_dtypes(include='object').columns:\n    x[col] = le.fit_transform(x[col])\n","metadata":{"trusted":true},"outputs":[],"execution_count":null},{"cell_type":"markdown","source":"Scaling\n","metadata":{}},{"cell_type":"code","source":"from sklearn.preprocessing import StandardScaler\n\nscaler = StandardScaler()\nx_scaled = scaler.fit_transform(x)\n","metadata":{"trusted":true},"outputs":[],"execution_count":null},{"cell_type":"code","source":"from sklearn.model_selection import train_test_split\n\nx_train, x_test, y_train, y_test = train_test_split(\n    x_scaled, y, test_size=0.2, random_state=42\n)\n","metadata":{"trusted":true},"outputs":[],"execution_count":null},{"cell_type":"code","source":"from sklearn.ensemble import RandomForestRegressor\n\nrf = RandomForestRegressor(\n    n_estimators=300,\n    max_depth=18,\n    min_samples_split=5,\n    random_state=42\n)\n\nrf.fit(x_train, y_train)\n","metadata":{"trusted":true},"outputs":[],"execution_count":null},{"cell_type":"code","source":"from sklearn.model_selection import cross_val_score\ncv_scores = cross_val_score(rf, x_train, y_train, cv=5, scoring='r2')\nprint(\"Cross Validation R2:\", cv_scores.mean())\n","metadata":{"trusted":true},"outputs":[],"execution_count":null},{"cell_type":"code","source":"from sklearn.metrics import r2_score, mean_squared_error, mean_absolute_error\n\ny_pred = rf.predict(x_test)\nr2 = r2_score(y_test, y_pred)\nrmse = np.sqrt(mean_squared_error(y_test, y_pred))\nmae = mean_absolute_error(y_test, y_pred)\n\nprint(\"R2 Score:\", r2)\nprint(\"RMSE:\", rmse)\nprint(\"MAE:\", mae)\n","metadata":{"trusted":true},"outputs":[],"execution_count":null},{"cell_type":"code","source":"plt.figure(figsize=(6,4))\nplt.scatter(y_test, y_pred)\nplt.xlabel(\"Actual Capacity\")\nplt.ylabel(\"Predicted Capacity\")\nplt.title(\"Actual vs Predicted\")\nplt.show()\n","metadata":{"trusted":true},"outputs":[],"execution_count":null},{"cell_type":"code","source":"from sklearn.ensemble import GradientBoostingRegressor\ngbr = GradientBoostingRegressor(\n    n_estimators=300,\n    learning_rate=0.05,\n    max_depth=5,\n    random_state=42\n)\n\ngbr.fit(x_train, y_train)\n","metadata":{"trusted":true},"outputs":[],"execution_count":null},{"cell_type":"code","source":"gbr_pred = gbr.predict(x_test)\nprint(\"Gradient Boosting Results\")\nprint(\"R2:\", r2_score(y_test, gbr_pred))\nprint(\"RMSE:\", np.sqrt(mean_squared_error(y_test, gbr_pred)))\nprint(\"MAE:\", mean_absolute_error(y_test, gbr_pred))","metadata":{"trusted":true},"outputs":[],"execution_count":null},{"cell_type":"code","source":"drop_cols = [\n    \"system_id\",\n    \"system_public_name\",\n    \"first_timestamp\",\n    \"last_timestamp\"\n]\n\nx = df.drop(drop_cols + [\"dc_capacity_kW\"], axis=1)\ny = df[\"dc_capacity_kW\"]\n","metadata":{"trusted":true},"outputs":[],"execution_count":null},{"cell_type":"code","source":"from sklearn.preprocessing import OneHotEncoder\nfrom sklearn.compose import ColumnTransformer\n\ncat_cols = x.select_dtypes(include=\"object\").columns\nnum_cols = x.select_dtypes(exclude=\"object\").columns\n\npreprocessor = ColumnTransformer([\n    (\"cat\", OneHotEncoder(handle_unknown=\"ignore\"), cat_cols),\n    (\"num\", StandardScaler(), num_cols)\n])\n\nx_processed = preprocessor.fit_transform(x)\n","metadata":{"trusted":true},"outputs":[],"execution_count":null},{"cell_type":"code","source":"from sklearn.model_selection import train_test_split\n\nx_train, x_test, y_train, y_test = train_test_split(\n    x_processed, y, test_size=0.2, random_state=42\n)\n","metadata":{"trusted":true},"outputs":[],"execution_count":null},{"cell_type":"markdown","source":"Gradient Boosting","metadata":{}},{"cell_type":"code","source":"from sklearn.ensemble import GradientBoostingRegressor\n\ngbr = GradientBoostingRegressor(\n    n_estimators=600,\n    learning_rate=0.03,\n    max_depth=5,\n    subsample=0.9,\n    random_state=42\n)\n\ngbr.fit(x_train, y_train)\ny_pred = gbr.predict(x_test)\n","metadata":{"trusted":true},"outputs":[],"execution_count":null},{"cell_type":"code","source":"from sklearn.metrics import r2_score\n\nr2 = r2_score(y_test, y_pred)\nprint(\"R2:\", r2)\n","metadata":{"trusted":true},"outputs":[],"execution_count":null},{"cell_type":"markdown","source":"","metadata":{}},{"cell_type":"markdown","source":"Use XGBoost","metadata":{}},{"cell_type":"code","source":"from xgboost import XGBRegressor\n\nxgb = XGBRegressor(\n    n_estimators=800,\n    learning_rate=0.03,\n    max_depth=6,\n    subsample=0.9,\n    colsample_bytree=0.9,\n    random_state=42\n)\n\nxgb.fit(x_train, y_train)\nxgb_pred = xgb.predict(x_test)\n\nprint(\"XGBoost R2:\", r2_score(y_test, xgb_pred))\n","metadata":{"trusted":true},"outputs":[],"execution_count":null},{"cell_type":"markdown","source":"--Models Used\n\nRandomForestRegressor\n\nGradientBoostingRegressor\n\nXGBoost\n\nObservations:\n\nLow R² score\n\nSome overfitting","metadata":{}},{"cell_type":"code","source":"import pandas as pd\nimport numpy as np\nsolar = pd.read_csv(\"/kaggle/input/datasets/ajithps7/solardataset/Solar_Power_plant_Dataset.csv\")\n\nprint(\"Shape:\", solar.shape)\nsolar.head()","metadata":{"trusted":true},"outputs":[],"execution_count":null},{"cell_type":"code","source":"\n#Drop unnecessary columns (IDs, names, timestamps)\ndrop_cols = [\n    'system_id',\n    'system_public_name',\n    'site_location',\n    'timezone_or_utc_offset',\n    'first_timestamp',\n    'last_timestamp',\n    'qa_issue',\n    'kg_climate',\n    'Unnamed: 26',\n    'Unnamed: 27',\n    'Unnamed: 28',\n    'Unnamed: 29',\n    'Unnamed: 30',\n    'number_records',\n    'dataset_size_mb',\n    'qa_issue',\n    'qa_status',\n    'tracking',\n    'type'\n]","metadata":{"trusted":true},"outputs":[],"execution_count":null},{"cell_type":"code","source":"solar = solar.drop(columns=drop_cols, errors='ignore')\nprint(solar.head())","metadata":{"trusted":true},"outputs":[],"execution_count":null},{"cell_type":"code","source":"solar=solar.dropna()\nsolar.isnull().sum()","metadata":{"trusted":true},"outputs":[],"execution_count":null},{"cell_type":"code","source":"","metadata":{"trusted":true},"outputs":[],"execution_count":null},{"cell_type":"code","source":"# Handle missing values\n\n# Fill numeric columns with median\nnumeric_cols = solar.select_dtypes(include=['int64','float64']).columns\n\nfor col in numeric_cols:\n    solar[col] = solar[col].fillna(solar[col].median())\n\n# Fill categorical columns with mode\ncat_cols = solar.select_dtypes(include=['object']).columns\n\nfor col in cat_cols:\n    solar[col] = solar[col].fillna(solar[col].mode()[0])","metadata":{"trusted":true},"outputs":[],"execution_count":null},{"cell_type":"code","source":"#Convert categorical to numeric using LabelEncoder\nfrom sklearn.preprocessing import LabelEncoder\nle = LabelEncoder()\n\nfor col in cat_cols:\n    solar[col] = le.fit_transform(solar[col])\n","metadata":{"trusted":true},"outputs":[],"execution_count":null},{"cell_type":"code","source":"# Define features and target\ntarget = 'dc_capacity_kW'\n\nx = solar.drop(target, axis=1)\ny = solar[target]","metadata":{"trusted":true},"outputs":[],"execution_count":null},{"cell_type":"code","source":"# Train-test split\nfrom sklearn.model_selection import train_test_split, GridSearchCV\nx_train, x_test, y_train, y_test = train_test_split(\n    x, y, test_size=0.2, random_state=42\n)","metadata":{"trusted":true},"outputs":[],"execution_count":null},{"cell_type":"code","source":"# Hyperparameter tuning\nfrom sklearn.metrics import r2_score, mean_squared_error\nfrom sklearn.ensemble import RandomForestRegressor\nparam_grid = {\n    'n_estimators': [200, 300, 500],\n    'max_depth': [10, 20, None],\n    'max_features': ['sqrt', 0.8],\n    'min_samples_split': [2, 5],\n    'min_samples_leaf': [1, 2]\n}\n\nrf = RandomForestRegressor(random_state=42)\n\ngrid = GridSearchCV(\n    rf,\n    param_grid,\n    cv=5,\n    scoring='r2',\n    n_jobs=-1\n)\n\ngrid.fit(x_train, y_train)\n\nbest_model = grid.best_estimator_\n\nprint(\"Best Parameters:\", grid.best_params_)\n\n","metadata":{"trusted":true},"outputs":[],"execution_count":null},{"cell_type":"code","source":"\n# Prediction\ny_pred = best_model.predict(x_test)","metadata":{"trusted":true},"outputs":[],"execution_count":null},{"cell_type":"code","source":"# Fix negative predictions\ny_pred = np.maximum(y_pred, 0)","metadata":{"trusted":true},"outputs":[],"execution_count":null},{"cell_type":"code","source":"# Evaluation\nr2 = r2_score(y_test, y_pred)\nmse = mean_squared_error(y_test, y_pred)\n\nprint(\"\\nFinal Results:\")\nprint(\"R2 Score:\", r2)\nprint(\"MSE:\", mse)","metadata":{"trusted":true},"outputs":[],"execution_count":null},{"cell_type":"code","source":"# Step 11: Feature Importance\nimportance = solar.DataFrame({\n    'Feature': x.columns,\n    'Importance': best_model.feature_importances_\n}).sort_values(by='Importance', ascending=False)\n\nprint(\"\\nTop Features:\")\nprint(importance.head(10))","metadata":{"trusted":true},"outputs":[],"execution_count":null},{"cell_type":"markdown","source":"Reason for Using the New (Final Clean) Version\n\nThe new version of the code was implemented to improve model clarity, reliability, and generalization performance compared to the earlier approach.\n\nThe previous (old) version had the following limitations:\n\nIncluded unnecessary columns such as IDs, timestamps, QA-related fields, and metadata features that do not contribute to predicting DC capacity.\n\nUsed basic preprocessing without strong feature refinement.\n\nRetained some noisy or redundant information.\n\nHad a higher risk of overfitting due to unoptimized data handling.\n\nTo address these issues, the final clean version introduced the following improvements:\n\n1️⃣ Removal of Irrelevant Features\n\nUnnecessary columns (IDs, timestamps, metadata) were removed to:\n\nReduce dimensionality\n\nEliminate noise\n\nImprove model focus on meaningful predictors\n\nThis improves interpretability and computational efficiency.\n\n2️⃣ Proper Handling of Missing Values\n\nInstead of complex imputation, rows with missing values were dropped since the dataset size was sufficient.\nThis avoids introducing artificial bias into the data.\n\n3️⃣ Feature Scaling (MinMaxScaler)\n\nAlthough Random Forest does not strictly require scaling, normalization:\n\nEnsures consistency across features\n\nMakes the dataset model-ready for other algorithms\n\nImproves pipeline robustness\n\n4️⃣ Clean Train-Test Split\n\nA proper 80–20 split with a fixed random state ensures:\n\nReproducibility\n\nFair evaluation\n\nBetter comparison between baseline and tuned models\n\n5️⃣ Better Model Validation\n\nThe final version incorporated hyperparameter tuning and cross-validation, making the model selection process more systematic and reliable.","metadata":{}},{"cell_type":"markdown","source":"---****PART 2 — Improved Model (Higher Accuracy Version)*****\nAfter analyzing issues in the old version, we improved the approach.","metadata":{}},{"cell_type":"markdown","source":"# Load Dataset","metadata":{}},{"cell_type":"code","source":"import pandas as pd\nimport numpy as np\nsl = pd.read_csv(\"/kaggle/input/datasets/ajithps7/solardataset/Solar_Power_plant_Dataset.csv\")\n\nprint(\"Shape:\", sl.shape) # Check dataset shape (rows, columns)\nsl.head()  #Preview first 5 rows","metadata":{"trusted":true,"execution":{"iopub.status.busy":"2026-02-27T11:41:46.324653Z","iopub.execute_input":"2026-02-27T11:41:46.325039Z","iopub.status.idle":"2026-02-27T11:41:46.362620Z","shell.execute_reply.started":"2026-02-27T11:41:46.325010Z","shell.execute_reply":"2026-02-27T11:41:46.361704Z"}},"outputs":[{"name":"stdout","text":"Shape: (1862, 31)\n","output_type":"stream"},{"execution_count":103,"output_type":"execute_result","data":{"text/plain":"   system_id system_public_name site_location timezone_or_utc_offset  \\\n0          2     Residential 1a  Lakewood, CO         America/Denver   \n1          3     Residential 1b  Lakewood, CO         America/Denver   \n2          4       NREL x-Si -1    Golden, CO                      7   \n3         10        NREL CIS -1    Golden, CO                      7   \n4         33  Silicor Materials    Golden, CO                      7   \n\n   latitude  longitude  elevation_m  dc_capacity_kW kg_climate  \\\n0   39.7214  -105.0972       1675.0           2.912        Dfb   \n1   39.7214  -105.0972       1675.0           2.720        Dfb   \n2   39.7406  -105.1774       1795.3           1.000        BSk   \n3   39.7404  -105.1774       1792.8           1.120        BSk   \n4   39.7404  -105.1772       1794.0           2.400        BSk   \n\n   pvcz_composite  ...  number_records  dataset_size_mb  \\\n0              12  ...      13685898.0           313.25   \n1              12  ...      12668178.0           289.95   \n2              12  ...     113978017.0          2608.75   \n3              12  ...     113103574.0          2588.74   \n4              12  ...     113673602.0          2601.78   \n\n   available_sensor_channels  qa_status  \\\n0                          7       fail   \n1                          7       fail   \n2                         15       pass   \n3                         14       pass   \n4                         15       pass   \n\n                                            qa_issue Unnamed: 26  Unnamed: 27  \\\n0                           less than 1.0 years data         NaN          NaN   \n1                                                NaN         NaN          NaN   \n2  Filtered time series less than 1.0 years data,...         NaN          NaN   \n3      Filtered time series less than 1.0 years data         NaN          NaN   \n4  Percent clipping exceeded threshold of 10%, Fi...         NaN          NaN   \n\n   Unnamed: 28 Unnamed: 29 Unnamed: 30  \n0          NaN         NaN         NaN  \n1          NaN         NaN         NaN  \n2          NaN         NaN         NaN  \n3          NaN         NaN         NaN  \n4          NaN         NaN         NaN  \n\n[5 rows x 31 columns]","text/html":"<div>\n<style scoped>\n    .dataframe tbody tr th:only-of-type {\n        vertical-align: middle;\n    }\n\n    .dataframe tbody tr th {\n        vertical-align: top;\n    }\n\n    .dataframe thead th {\n        text-align: right;\n    }\n</style>\n<table border=\"1\" class=\"dataframe\">\n  <thead>\n    <tr style=\"text-align: right;\">\n      <th></th>\n      <th>system_id</th>\n      <th>system_public_name</th>\n      <th>site_location</th>\n      <th>timezone_or_utc_offset</th>\n      <th>latitude</th>\n      <th>longitude</th>\n      <th>elevation_m</th>\n      <th>dc_capacity_kW</th>\n      <th>kg_climate</th>\n      <th>pvcz_composite</th>\n      <th>...</th>\n      <th>number_records</th>\n      <th>dataset_size_mb</th>\n      <th>available_sensor_channels</th>\n      <th>qa_status</th>\n      <th>qa_issue</th>\n      <th>Unnamed: 26</th>\n      <th>Unnamed: 27</th>\n      <th>Unnamed: 28</th>\n      <th>Unnamed: 29</th>\n      <th>Unnamed: 30</th>\n    </tr>\n  </thead>\n  <tbody>\n    <tr>\n      <th>0</th>\n      <td>2</td>\n      <td>Residential 1a</td>\n      <td>Lakewood, CO</td>\n      <td>America/Denver</td>\n      <td>39.7214</td>\n      <td>-105.0972</td>\n      <td>1675.0</td>\n      <td>2.912</td>\n      <td>Dfb</td>\n      <td>12</td>\n      <td>...</td>\n      <td>13685898.0</td>\n      <td>313.25</td>\n      <td>7</td>\n      <td>fail</td>\n      <td>less than 1.0 years data</td>\n      <td>NaN</td>\n      <td>NaN</td>\n      <td>NaN</td>\n      <td>NaN</td>\n      <td>NaN</td>\n    </tr>\n    <tr>\n      <th>1</th>\n      <td>3</td>\n      <td>Residential 1b</td>\n      <td>Lakewood, CO</td>\n      <td>America/Denver</td>\n      <td>39.7214</td>\n      <td>-105.0972</td>\n      <td>1675.0</td>\n      <td>2.720</td>\n      <td>Dfb</td>\n      <td>12</td>\n      <td>...</td>\n      <td>12668178.0</td>\n      <td>289.95</td>\n      <td>7</td>\n      <td>fail</td>\n      <td>NaN</td>\n      <td>NaN</td>\n      <td>NaN</td>\n      <td>NaN</td>\n      <td>NaN</td>\n      <td>NaN</td>\n    </tr>\n    <tr>\n      <th>2</th>\n      <td>4</td>\n      <td>NREL x-Si -1</td>\n      <td>Golden, CO</td>\n      <td>7</td>\n      <td>39.7406</td>\n      <td>-105.1774</td>\n      <td>1795.3</td>\n      <td>1.000</td>\n      <td>BSk</td>\n      <td>12</td>\n      <td>...</td>\n      <td>113978017.0</td>\n      <td>2608.75</td>\n      <td>15</td>\n      <td>pass</td>\n      <td>Filtered time series less than 1.0 years data,...</td>\n      <td>NaN</td>\n      <td>NaN</td>\n      <td>NaN</td>\n      <td>NaN</td>\n      <td>NaN</td>\n    </tr>\n    <tr>\n      <th>3</th>\n      <td>10</td>\n      <td>NREL CIS -1</td>\n      <td>Golden, CO</td>\n      <td>7</td>\n      <td>39.7404</td>\n      <td>-105.1774</td>\n      <td>1792.8</td>\n      <td>1.120</td>\n      <td>BSk</td>\n      <td>12</td>\n      <td>...</td>\n      <td>113103574.0</td>\n      <td>2588.74</td>\n      <td>14</td>\n      <td>pass</td>\n      <td>Filtered time series less than 1.0 years data</td>\n      <td>NaN</td>\n      <td>NaN</td>\n      <td>NaN</td>\n      <td>NaN</td>\n      <td>NaN</td>\n    </tr>\n    <tr>\n      <th>4</th>\n      <td>33</td>\n      <td>Silicor Materials</td>\n      <td>Golden, CO</td>\n      <td>7</td>\n      <td>39.7404</td>\n      <td>-105.1772</td>\n      <td>1794.0</td>\n      <td>2.400</td>\n      <td>BSk</td>\n      <td>12</td>\n      <td>...</td>\n      <td>113673602.0</td>\n      <td>2601.78</td>\n      <td>15</td>\n      <td>pass</td>\n      <td>Percent clipping exceeded threshold of 10%, Fi...</td>\n      <td>NaN</td>\n      <td>NaN</td>\n      <td>NaN</td>\n      <td>NaN</td>\n      <td>NaN</td>\n    </tr>\n  </tbody>\n</table>\n<p>5 rows × 31 columns</p>\n</div>"},"metadata":{}}],"execution_count":103},{"cell_type":"markdown","source":"# #Improved Data Cleaning\n\nWe removed unnecessary columns:\n- Removing ID columns, timestamps, QA-related fields and junk columns\n- These features do not contribute to capacity prediction\n- Removed irrelevant and noisy features\n- Reduced dimensionality\n- Improved model learning","metadata":{}},{"cell_type":"code","source":"#Drop unnecessary columns (IDs, names, timestamps)\ndrop_cols = [\n    'system_id',\n    'system_public_name',\n    'site_location',\n    'timezone_or_utc_offset',\n    'first_timestamp',\n    'last_timestamp',\n    'qa_issue',\n    'kg_climate',\n    'Unnamed: 26',\n    'Unnamed: 27',\n    'Unnamed: 28',\n    'Unnamed: 29',\n    'Unnamed: 30',\n    'number_records',\n    'dataset_size_mb',\n    'qa_issue',\n    'qa_status',\n    'tracking',\n    'type'\n]","metadata":{"trusted":true,"execution":{"iopub.status.busy":"2026-02-27T11:42:02.945509Z","iopub.execute_input":"2026-02-27T11:42:02.945866Z","iopub.status.idle":"2026-02-27T11:42:02.950798Z","shell.execute_reply.started":"2026-02-27T11:42:02.945838Z","shell.execute_reply":"2026-02-27T11:42:02.949868Z"}},"outputs":[],"execution_count":105},{"cell_type":"markdown","source":"# Handle Missing Values","metadata":{}},{"cell_type":"markdown","source":" Remove rows with missing values\nSince dataset size is manageable, dropping NA avoids bias","metadata":{}},{"cell_type":"code","source":"sl = sl.drop(columns=drop_cols, errors='ignore')\nprint(sl.head())","metadata":{"trusted":true,"execution":{"iopub.status.busy":"2026-02-27T11:42:10.931472Z","iopub.execute_input":"2026-02-27T11:42:10.931840Z","iopub.status.idle":"2026-02-27T11:42:10.942886Z","shell.execute_reply.started":"2026-02-27T11:42:10.931812Z","shell.execute_reply":"2026-02-27T11:42:10.942032Z"}},"outputs":[{"name":"stdout","text":"   latitude  longitude  elevation_m  dc_capacity_kW  pvcz_composite  \\\n0   39.7214  -105.0972       1675.0           2.912              12   \n1   39.7214  -105.0972       1675.0           2.720              12   \n2   39.7406  -105.1774       1795.3           1.000              12   \n3   39.7404  -105.1774       1792.8           1.120              12   \n4   39.7404  -105.1772       1794.0           2.400              12   \n\n   pvcz_t_rack  pvcz_t_roof  pvcz_humidity  pvcz_wind  azimuth  tilt    years  \\\n0            2            4              1          3    181.2  18.5   9.9835   \n1            2            4              1          3    181.2  18.5   7.0301   \n2            2            4              1          3    180.0  40.0  17.9342   \n3            2            4              1          3    180.0  40.0  19.5643   \n4            2            4              1          3    180.0  40.0  15.3917   \n\n   available_sensor_channels  \n0                          7  \n1                          7  \n2                         15  \n3                         14  \n4                         15  \n","output_type":"stream"}],"execution_count":106},{"cell_type":"code","source":"sl=sl.dropna()\nsl.isnull().sum()","metadata":{"trusted":true,"execution":{"iopub.status.busy":"2026-02-27T11:42:19.882133Z","iopub.execute_input":"2026-02-27T11:42:19.882808Z","iopub.status.idle":"2026-02-27T11:42:19.892559Z","shell.execute_reply.started":"2026-02-27T11:42:19.882776Z","shell.execute_reply":"2026-02-27T11:42:19.891503Z"}},"outputs":[{"execution_count":107,"output_type":"execute_result","data":{"text/plain":"latitude                     0\nlongitude                    0\nelevation_m                  0\ndc_capacity_kW               0\npvcz_composite               0\npvcz_t_rack                  0\npvcz_t_roof                  0\npvcz_humidity                0\npvcz_wind                    0\nazimuth                      0\ntilt                         0\nyears                        0\navailable_sensor_channels    0\ndtype: int64"},"metadata":{}}],"execution_count":107},{"cell_type":"code","source":"sl.info()","metadata":{"trusted":true,"execution":{"iopub.status.busy":"2026-02-27T11:42:26.495049Z","iopub.execute_input":"2026-02-27T11:42:26.495364Z","iopub.status.idle":"2026-02-27T11:42:26.505860Z","shell.execute_reply.started":"2026-02-27T11:42:26.495338Z","shell.execute_reply":"2026-02-27T11:42:26.504781Z"}},"outputs":[{"name":"stdout","text":"<class 'pandas.core.frame.DataFrame'>\nIndex: 1570 entries, 0 to 1621\nData columns (total 13 columns):\n #   Column                     Non-Null Count  Dtype  \n---  ------                     --------------  -----  \n 0   latitude                   1570 non-null   float64\n 1   longitude                  1570 non-null   float64\n 2   elevation_m                1570 non-null   float64\n 3   dc_capacity_kW             1570 non-null   float64\n 4   pvcz_composite             1570 non-null   int64  \n 5   pvcz_t_rack                1570 non-null   int64  \n 6   pvcz_t_roof                1570 non-null   int64  \n 7   pvcz_humidity              1570 non-null   int64  \n 8   pvcz_wind                  1570 non-null   int64  \n 9   azimuth                    1570 non-null   float64\n 10  tilt                       1570 non-null   float64\n 11  years                      1570 non-null   float64\n 12  available_sensor_channels  1570 non-null   int64  \ndtypes: float64(7), int64(6)\nmemory usage: 171.7 KB\n","output_type":"stream"}],"execution_count":108},{"cell_type":"markdown","source":"Reset Index After Cleaning","metadata":{}},{"cell_type":"code","source":"sl=sl.reset_index(drop=True)\nsl.head()","metadata":{"trusted":true,"execution":{"iopub.status.busy":"2026-02-27T11:42:33.884845Z","iopub.execute_input":"2026-02-27T11:42:33.885184Z","iopub.status.idle":"2026-02-27T11:42:33.901976Z","shell.execute_reply.started":"2026-02-27T11:42:33.885157Z","shell.execute_reply":"2026-02-27T11:42:33.901066Z"}},"outputs":[{"execution_count":109,"output_type":"execute_result","data":{"text/plain":"   latitude  longitude  elevation_m  dc_capacity_kW  pvcz_composite  \\\n0   39.7214  -105.0972       1675.0           2.912              12   \n1   39.7214  -105.0972       1675.0           2.720              12   \n2   39.7406  -105.1774       1795.3           1.000              12   \n3   39.7404  -105.1774       1792.8           1.120              12   \n4   39.7404  -105.1772       1794.0           2.400              12   \n\n   pvcz_t_rack  pvcz_t_roof  pvcz_humidity  pvcz_wind  azimuth  tilt    years  \\\n0            2            4              1          3    181.2  18.5   9.9835   \n1            2            4              1          3    181.2  18.5   7.0301   \n2            2            4              1          3    180.0  40.0  17.9342   \n3            2            4              1          3    180.0  40.0  19.5643   \n4            2            4              1          3    180.0  40.0  15.3917   \n\n   available_sensor_channels  \n0                          7  \n1                          7  \n2                         15  \n3                         14  \n4                         15  ","text/html":"<div>\n<style scoped>\n    .dataframe tbody tr th:only-of-type {\n        vertical-align: middle;\n    }\n\n    .dataframe tbody tr th {\n        vertical-align: top;\n    }\n\n    .dataframe thead th {\n        text-align: right;\n    }\n</style>\n<table border=\"1\" class=\"dataframe\">\n  <thead>\n    <tr style=\"text-align: right;\">\n      <th></th>\n      <th>latitude</th>\n      <th>longitude</th>\n      <th>elevation_m</th>\n      <th>dc_capacity_kW</th>\n      <th>pvcz_composite</th>\n      <th>pvcz_t_rack</th>\n      <th>pvcz_t_roof</th>\n      <th>pvcz_humidity</th>\n      <th>pvcz_wind</th>\n      <th>azimuth</th>\n      <th>tilt</th>\n      <th>years</th>\n      <th>available_sensor_channels</th>\n    </tr>\n  </thead>\n  <tbody>\n    <tr>\n      <th>0</th>\n      <td>39.7214</td>\n      <td>-105.0972</td>\n      <td>1675.0</td>\n      <td>2.912</td>\n      <td>12</td>\n      <td>2</td>\n      <td>4</td>\n      <td>1</td>\n      <td>3</td>\n      <td>181.2</td>\n      <td>18.5</td>\n      <td>9.9835</td>\n      <td>7</td>\n    </tr>\n    <tr>\n      <th>1</th>\n      <td>39.7214</td>\n      <td>-105.0972</td>\n      <td>1675.0</td>\n      <td>2.720</td>\n      <td>12</td>\n      <td>2</td>\n      <td>4</td>\n      <td>1</td>\n      <td>3</td>\n      <td>181.2</td>\n      <td>18.5</td>\n      <td>7.0301</td>\n      <td>7</td>\n    </tr>\n    <tr>\n      <th>2</th>\n      <td>39.7406</td>\n      <td>-105.1774</td>\n      <td>1795.3</td>\n      <td>1.000</td>\n      <td>12</td>\n      <td>2</td>\n      <td>4</td>\n      <td>1</td>\n      <td>3</td>\n      <td>180.0</td>\n      <td>40.0</td>\n      <td>17.9342</td>\n      <td>15</td>\n    </tr>\n    <tr>\n      <th>3</th>\n      <td>39.7404</td>\n      <td>-105.1774</td>\n      <td>1792.8</td>\n      <td>1.120</td>\n      <td>12</td>\n      <td>2</td>\n      <td>4</td>\n      <td>1</td>\n      <td>3</td>\n      <td>180.0</td>\n      <td>40.0</td>\n      <td>19.5643</td>\n      <td>14</td>\n    </tr>\n    <tr>\n      <th>4</th>\n      <td>39.7404</td>\n      <td>-105.1772</td>\n      <td>1794.0</td>\n      <td>2.400</td>\n      <td>12</td>\n      <td>2</td>\n      <td>4</td>\n      <td>1</td>\n      <td>3</td>\n      <td>180.0</td>\n      <td>40.0</td>\n      <td>15.3917</td>\n      <td>15</td>\n    </tr>\n  </tbody>\n</table>\n</div>"},"metadata":{}}],"execution_count":109},{"cell_type":"markdown","source":"# Exploratory Data Analysis (EDA)","metadata":{}},{"cell_type":"code","source":"#correlation\nimport plotly.express as px\nfig=px.imshow(sl.corr())\nfig.show()","metadata":{"trusted":true,"execution":{"iopub.status.busy":"2026-02-27T11:43:48.844819Z","iopub.execute_input":"2026-02-27T11:43:48.845649Z","iopub.status.idle":"2026-02-27T11:43:53.546961Z","shell.execute_reply.started":"2026-02-27T11:43:48.845604Z","shell.execute_reply":"2026-02-27T11:43:53.546053Z"}},"outputs":[{"output_type":"display_data","data":{"text/html":"<html>\n<head><meta charset=\"utf-8\" /></head>\n<body>\n    <div>            <script src=\"https://cdnjs.cloudflare.com/ajax/libs/mathjax/2.7.5/MathJax.js?config=TeX-AMS-MML_SVG\"></script><script type=\"text/javascript\">if (window.MathJax && window.MathJax.Hub && window.MathJax.Hub.Config) {window.MathJax.Hub.Config({SVG: {font: \"STIX-Web\"}});}</script>                <script type=\"text/javascript\">window.PlotlyConfig = {MathJaxConfig: 'local'};</script>\n        <script charset=\"utf-8\" src=\"https://cdn.plot.ly/plotly-2.35.2.min.js\"></script>                <div id=\"25f1325a-eeeb-41c3-a82f-8a61d4852f1f\" class=\"plotly-graph-div\" style=\"height:525px; width:100%;\"></div>            <script type=\"text/javascript\">                                    window.PLOTLYENV=window.PLOTLYENV || {};                                    if (document.getElementById(\"25f1325a-eeeb-41c3-a82f-8a61d4852f1f\")) {                    Plotly.newPlot(                        \"25f1325a-eeeb-41c3-a82f-8a61d4852f1f\",                        [{\"coloraxis\":\"coloraxis\",\"name\":\"0\",\"x\":[\"latitude\",\"longitude\",\"elevation_m\",\"dc_capacity_kW\",\"pvcz_composite\",\"pvcz_t_rack\",\"pvcz_t_roof\",\"pvcz_humidity\",\"pvcz_wind\",\"azimuth\",\"tilt\",\"years\",\"available_sensor_channels\"],\"y\":[\"latitude\",\"longitude\",\"elevation_m\",\"dc_capacity_kW\",\"pvcz_composite\",\"pvcz_t_rack\",\"pvcz_t_roof\",\"pvcz_humidity\",\"pvcz_wind\",\"azimuth\",\"tilt\",\"years\",\"available_sensor_channels\"],\"z\":[[1.0,0.3527919622743681,0.10518564030441419,-0.007500477204167598,-0.45897664566204954,-0.6222350566978742,-0.6307272532727786,-0.39090903127719456,0.24478483568482867,-0.028584933728758213,0.1892963491791228,0.09571679695086603,-0.01546939897766623],[0.3527919622743681,1.0,-0.12293325980593058,-0.032023231527849416,0.21284389777350693,-0.23117526543015798,-0.22499143121766943,0.25568010168174143,0.7781853972420988,-0.047894916799813565,0.20932990154063072,-0.06522784932943777,-0.010901352107298206],[0.10518564030441419,-0.12293325980593058,1.0,0.016015701241853558,-0.5565279541397113,-0.16648092975349088,-0.1335414497077492,-0.5581689086847329,0.05782012734249931,0.01043278594981865,0.0473442012616205,0.1545391123842247,0.02302863181679944],[-0.007500477204167598,-0.032023231527849416,0.016015701241853558,1.0,0.004558857243201646,0.012782186603339544,0.022097371429967486,0.0029376937351339194,-0.026848935144017802,0.0017283616360008118,-0.05679766043121896,-0.008613729970093919,0.8173714035111589],[-0.45897664566204954,0.21284389777350693,-0.5565279541397113,0.004558857243201646,1.0,0.38118633665365126,0.4132518271643476,0.9912035210383886,0.17329411675563933,-0.006963677240091543,-0.010306195937460613,-0.2325589514446361,0.0029594177003694003],[-0.6222350566978742,-0.23117526543015798,-0.16648092975349088,0.012782186603339544,0.38118633665365126,1.0,0.8521823838848979,0.2554791906198859,-0.16086884810453136,0.02612288582496271,-0.14264392008675295,-0.09015161122719975,0.028599224954966064],[-0.6307272532727786,-0.22499143121766943,-0.1335414497077492,0.022097371429967486,0.4132518271643476,0.8521823838848979,1.0,0.31017320343519783,-0.11286024330628266,0.018988629333817574,-0.13762813250482042,-0.15379154364076866,0.023556107316544974],[-0.39090903127719456,0.25568010168174143,-0.5581689086847329,0.0029376937351339194,0.9912035210383886,0.2554791906198859,0.31017320343519783,1.0,0.2042553327018252,-0.01102203886848458,0.0096422408689735,-0.23029804442273022,-0.0009992420118967473],[0.24478483568482867,0.7781853972420988,0.05782012734249931,-0.026848935144017802,0.17329411675563933,-0.16086884810453136,-0.11286024330628266,0.2042553327018252,1.0,-0.05437908604540231,0.20587457302370432,-0.11742145918219753,-0.019088498912289906],[-0.028584933728758213,-0.047894916799813565,0.01043278594981865,0.0017283616360008118,-0.006963677240091543,0.02612288582496271,0.018988629333817574,-0.01102203886848458,-0.05437908604540231,1.0,0.04253744851304122,0.018310433149194446,0.002140893006458061],[0.1892963491791228,0.20932990154063072,0.0473442012616205,-0.05679766043121896,-0.010306195937460613,-0.14264392008675295,-0.13762813250482042,0.0096422408689735,0.20587457302370432,0.04253744851304122,1.0,0.06331664901266146,-0.04429745732274613],[0.09571679695086603,-0.06522784932943777,0.1545391123842247,-0.008613729970093919,-0.2325589514446361,-0.09015161122719975,-0.15379154364076866,-0.23029804442273022,-0.11742145918219753,0.018310433149194446,0.06331664901266146,1.0,-0.00550259945722659],[-0.01546939897766623,-0.010901352107298206,0.02302863181679944,0.8173714035111589,0.0029594177003694003,0.028599224954966064,0.023556107316544974,-0.0009992420118967473,-0.019088498912289906,0.002140893006458061,-0.04429745732274613,-0.00550259945722659,1.0]],\"type\":\"heatmap\",\"xaxis\":\"x\",\"yaxis\":\"y\",\"hovertemplate\":\"x: %{x}\\u003cbr\\u003ey: %{y}\\u003cbr\\u003ecolor: %{z}\\u003cextra\\u003e\\u003c\\u002fextra\\u003e\"}],                        {\"template\":{\"data\":{\"histogram2dcontour\":[{\"type\":\"histogram2dcontour\",\"colorbar\":{\"outlinewidth\":0,\"ticks\":\"\"},\"colorscale\":[[0.0,\"#0d0887\"],[0.1111111111111111,\"#46039f\"],[0.2222222222222222,\"#7201a8\"],[0.3333333333333333,\"#9c179e\"],[0.4444444444444444,\"#bd3786\"],[0.5555555555555556,\"#d8576b\"],[0.6666666666666666,\"#ed7953\"],[0.7777777777777778,\"#fb9f3a\"],[0.8888888888888888,\"#fdca26\"],[1.0,\"#f0f921\"]]}],\"choropleth\":[{\"type\":\"choropleth\",\"colorbar\":{\"outlinewidth\":0,\"ticks\":\"\"}}],\"histogram2d\":[{\"type\":\"histogram2d\",\"colorbar\":{\"outlinewidth\":0,\"ticks\":\"\"},\"colorscale\":[[0.0,\"#0d0887\"],[0.1111111111111111,\"#46039f\"],[0.2222222222222222,\"#7201a8\"],[0.3333333333333333,\"#9c179e\"],[0.4444444444444444,\"#bd3786\"],[0.5555555555555556,\"#d8576b\"],[0.6666666666666666,\"#ed7953\"],[0.7777777777777778,\"#fb9f3a\"],[0.8888888888888888,\"#fdca26\"],[1.0,\"#f0f921\"]]}],\"heatmap\":[{\"type\":\"heatmap\",\"colorbar\":{\"outlinewidth\":0,\"ticks\":\"\"},\"colorscale\":[[0.0,\"#0d0887\"],[0.1111111111111111,\"#46039f\"],[0.2222222222222222,\"#7201a8\"],[0.3333333333333333,\"#9c179e\"],[0.4444444444444444,\"#bd3786\"],[0.5555555555555556,\"#d8576b\"],[0.6666666666666666,\"#ed7953\"],[0.7777777777777778,\"#fb9f3a\"],[0.8888888888888888,\"#fdca26\"],[1.0,\"#f0f921\"]]}],\"heatmapgl\":[{\"type\":\"heatmapgl\",\"colorbar\":{\"outlinewidth\":0,\"ticks\":\"\"},\"colorscale\":[[0.0,\"#0d0887\"],[0.1111111111111111,\"#46039f\"],[0.2222222222222222,\"#7201a8\"],[0.3333333333333333,\"#9c179e\"],[0.4444444444444444,\"#bd3786\"],[0.5555555555555556,\"#d8576b\"],[0.6666666666666666,\"#ed7953\"],[0.7777777777777778,\"#fb9f3a\"],[0.8888888888888888,\"#fdca26\"],[1.0,\"#f0f921\"]]}],\"contourcarpet\":[{\"type\":\"contourcarpet\",\"colorbar\":{\"outlinewidth\":0,\"ticks\":\"\"}}],\"contour\":[{\"type\":\"contour\",\"colorbar\":{\"outlinewidth\":0,\"ticks\":\"\"},\"colorscale\":[[0.0,\"#0d0887\"],[0.1111111111111111,\"#46039f\"],[0.2222222222222222,\"#7201a8\"],[0.3333333333333333,\"#9c179e\"],[0.4444444444444444,\"#bd3786\"],[0.5555555555555556,\"#d8576b\"],[0.6666666666666666,\"#ed7953\"],[0.7777777777777778,\"#fb9f3a\"],[0.8888888888888888,\"#fdca26\"],[1.0,\"#f0f921\"]]}],\"surface\":[{\"type\":\"surface\",\"colorbar\":{\"outlinewidth\":0,\"ticks\":\"\"},\"colorscale\":[[0.0,\"#0d0887\"],[0.1111111111111111,\"#46039f\"],[0.2222222222222222,\"#7201a8\"],[0.3333333333333333,\"#9c179e\"],[0.4444444444444444,\"#bd3786\"],[0.5555555555555556,\"#d8576b\"],[0.6666666666666666,\"#ed7953\"],[0.7777777777777778,\"#fb9f3a\"],[0.8888888888888888,\"#fdca26\"],[1.0,\"#f0f921\"]]}],\"mesh3d\":[{\"type\":\"mesh3d\",\"colorbar\":{\"outlinewidth\":0,\"ticks\":\"\"}}],\"scatter\":[{\"fillpattern\":{\"fillmode\":\"overlay\",\"size\":10,\"solidity\":0.2},\"type\":\"scatter\"}],\"parcoords\":[{\"type\":\"parcoords\",\"line\":{\"colorbar\":{\"outlinewi